-10.00,-30,8.13
-9.00,-30,9.90
-8.00,-30,10.45
-7.00,-30,23.01
-6.00,-30,22.89
-5.00,-30,31.33
-4.00,-30,34.30
-3.00,-30,34.89
-2.00,-30,35.80
-1.00,-30,37.32
0.00,-30,44.94
1.00,-30,43.53
2.00,-30,46.09
3.00,-30,50.07
4.00,-30,49.72
5.00,-30,56.64
6.00,-30,55.98
7.00,-30,57.71
8.00,-30,55.33
9.00,-30,57.58
10.00,-30,57.98
11.00,-30,56.11
12.00,-30,55.85
13.00,-30,55.33
14.00,-30,57.44
15.00,-30,57.44
16.00,-30,60.48
17.00,-30,59.77
18.00,-30,60.06
19.00,-30,58.66
20.00,-30,42.56
21.00,-30,58.53
22.00,-30,64.13
23.00,-30,61.34
24.00,-30,88.21
25.00,-30,88.21
26.00,-30,87.39
27.00,-30,87.39
28.00,-30,88.00
29.00,-30,86.98
30.00,-30,83.60
31.00,-30,69.96
32.00,-30,85.97
33.00,-30,84.78
34.00,-30,85.57
35.00,-30,88.00
36.00,-30,82.44
37.00,-30,71.62
38.00,-30,79.59
39.00,-30,76.66
40.00,-30,75.77
41.00,-30,75.95
42.00,-30,84.78
43.00,-30,71.62
44.00,-30,62.50
45.00,-30,61.77
46.00,-30,71.12
47.00,-30,62.35
48.00,-30,63.83
49.00,-30,69.30
50,-29,68.82
49,-29,66.75
48,-29,73.32
47,-29,74.71
46,-29,68.17
45,-29,72.98
44,-29,72.30
43,-29,68.33
42,-29,64.89
41,-29,66.28
40,-29,64.28
39,-29,69.30
38,-29,72.64
37,-29,66.12
36,-29,74.54
35,-29,68.66
34,-29,72.64
33,-29,81.29
32,-29,88.00
31,-29,87.39
30,-29,87.39
29,-29,86.38
28,-29,79.59
27,-29,88.21
26,-29,84.78
25,-29,87.39
24,-29,87.59
23,-29,87.19
22,-29,88.41
21,-29,87.19
20,-29,65.81
19,-29,61.34
18,-29,60.76
17,-29,61.19
16,-29,57.71
15,-29,59.50
14,-29,59.77
13,-29,61.34
12,-29,65.04
11,-29,60.62
10,-29,61.05
9,-29,63.24
8,-29,64.44
7,-29,63.83
6,-29,61.48
5,-29,61.05
4,-29,62.50
3,-29,63.39
2,-29,63.24
1,-29,62.65
0,-29,51.60
-1,-29,47.48
-2,-29,42.37
-3,-29,43.83
-4,-29,38.57
-5,-29,33.57
-6,-29,35.42
-7,-29,35.04
-8,-29,32.12
-9,-29,25.94
-10.00,-28,20.03
-9.00,-28,20.55
-8.00,-28,19.76
-7.00,-28,20.33
-6.00,-28,24.73
-5.00,-28,27.51
-4.00,-28,33.93
-3.00,-28,35.34
-2.00,-28,34.15
-1.00,-28,35.49
0.00,-28,42.08
1.00,-28,46.83
2.00,-28,53.06
3.00,-28,65.97
4.00,-28,77.93
5.00,-28,82.82
6.00,-28,79.04
7.00,-28,72.64
8.00,-28,71.45
9.00,-28,83.80
10.00,-28,84.98
11.00,-28,85.18
12.00,-28,81.10
13.00,-28,68.66
14.00,-28,70.45
15.00,-28,68.17
16.00,-28,63.39
17.00,-28,52.57
18.00,-28,50.77
19.00,-28,44.13
20.00,-28,34.30
21.00,-28,25.79
22.00,-28,23.74
23.00,-28,25.00
24.00,-28,26.73
25.00,-28,26.68
26.00,-28,27.84
27.00,-28,29.72
28.00,-28,31.59
29.00,-28,37.65
30.00,-28,41.89
31.00,-28,56.51
32.00,-28,72.81
33.00,-28,80.72
34.00,-28,84.78
35.00,-28,84.78
36.00,-28,86.58
37.00,-28,60.62
38.00,-28,60.06
39.00,-28,66.59
40.00,-28,64.13
41.00,-28,71.45
42.00,-28,72.81
43.00,-28,69.47
44.00,-28,63.39
45.00,-28,74.71
46.00,-28,74.89
47.00,-28,74.89
48.00,-28,71.12
49.00,-28,71.29
50,-27,66.59
49,-27,63.09
48,-27,64.59
47,-27,63.53
46,-27,67.54
45,-27,66.90
44,-27,68.49
43,-27,69.63
42,-27,66.90
41,-27,73.84
40,-27,76.66
39,-27,74.01
38,-27,75.06
37,-27,76.13
36,-27,70.29
35,-27,62.94
34,-27,76.84
33,-27,86.17
32,-27,88.41
31,-27,87.80
30,-27,62.65
29,-27,32.87
28,-27,23.29
27,-27,18.13
26,-27,14.17
25,-27,11.88
24,-27,10.54
23,-27,9.18
22,-27,9.44
21,-27,7.81
20,-27,8.09
19,-27,8.61
18,-27,9.28
17,-27,11.40
16,-27,12.43
15,-27,13.61
14,-27,13.81
13,-27,15.91
12,-27,26.73
11,-27,48.92
10,-27,57.71
9,-27,62.79
8,-27,61.34
7,-27,62.79
6,-27,63.09
5,-27,61.19
4,-27,65.04
3,-27,59.91
2,-27,58.80
1,-27,57.71
0,-27,56.38
-1,-27,57.44
-2,-27,45.98
-3,-27,47.59
-4,-27,39.17
-5,-27,35.27
-6,-27,34.66
-7,-27,35.04
-8,-27,31.01
-9,-27,23.45
-10.00,-26,18.22
-9.00,-26,12.03
-8.00,-26,11.98
-7.00,-26,11.52
-6.00,-26,12.09
-5.00,-26,14.33
-4.00,-26,30.45
-3.00,-26,34.00
-2.00,-26,36.43
-1.00,-26,41.51
0.00,-26,50.77
1.00,-26,70.95
2.00,-26,76.31
3.00,-26,69.63
4.00,-26,88.00
5.00,-26,85.57
6.00,-26,77.21
7.00,-26,76.49
8.00,-26,83.40
9.00,-26,80.91
10.00,-26,87.59
11.00,-26,86.98
12.00,-26,88.21
13.00,-26,49.38
14.00,-26,11.50
15.00,-26,10.44
16.00,-26,10.21
17.00,-26,10.06
18.00,-26,8.24
19.00,-26,10.18
20.00,-26,10.05
21.00,-26,10.67
22.00,-26,9.49
23.00,-26,10.79
24.00,-26,10.65
25.00,-26,10.62
26.00,-26,10.22
27.00,-26,10.20
28.00,-26,10.21
29.00,-26,9.84
30.00,-26,9.22
31.00,-26,7.64
32.00,-26,9.29
33.00,-26,14.82
34.00,-26,20.45
35.00,-26,31.01
36.00,-26,58.94
37.00,-26,76.31
38.00,-26,72.30
39.00,-26,73.32
40.00,-26,71.96
41.00,-26,66.28
42.00,-26,84.98
43.00,-26,70.78
44.00,-26,65.04
45.00,-26,67.38
46.00,-26,62.50
47.00,-26,78.30
48.00,-26,71.45
49.00,-26,66.12
50,-25,61.92
49,-25,68.01
48,-25,72.81
47,-25,70.62
46,-25,65.04
45,-25,66.43
44,-25,62.35
43,-25,69.14
42,-25,74.01
41,-25,57.71
40,-25,65.50
39,-25,60.20
38,-25,79.22
37,-25,66.59
36,-25,74.36
35,-25,79.59
34,-25,63.53
33,-25,69.30
32,-25,41.42
31,-25,14.91
30,-25,10.77
29,-25,9.47
28,-25,10.28
27,-25,10.98
26,-25,10.71
25,-25,11.10
24,-25,11.34
23,-25,11.28
22,-25,11.29
21,-25,11.20
20,-25,10.11
19,-25,11.15
18,-25,11.11
17,-25,11.04
16,-25,11.05
15,-25,9.91
14,-25,10.89
13,-25,10.98
12,-25,11.59
11,-25,13.30
10,-25,18.91
9,-25,47.59
8,-25,70.62
7,-25,73.49
6,-25,88.00
5,-25,88.00
4,-25,75.59
3,-25,77.75
2,-25,88.00
1,-25,88.41
0,-25,87.59
-1,-25,86.58
-2,-25,85.37
-3,-25,49.84
-4,-25,38.74
-5,-25,35.04
-6,-25,31.66
-7,-25,27.94
-8,-25,13.47
-9,-25,10.52
-10.00,-24,10.40
-9.00,-24,10.45
-8.00,-24,10.83
-7.00,-24,10.79
-6.00,-24,10.87
-5.00,-24,10.87
-4.00,-24,14.00
-3.00,-24,30.32
-2.00,-24,34.74
-1.00,-24,35.80
0.00,-24,61.63
1.00,-24,84.98
2.00,-24,88.21
3.00,-24,87.19
4.00,-24,84.78
5.00,-24,87.19
6.00,-24,80.34
7.00,-24,81.29
8.00,-24,86.98
9.00,-24,87.59
10.00,-24,75.95
11.00,-24,75.06
12.00,-24,66.90
13.00,-24,16.20
14.00,-24,12.00
15.00,-24,12.18
16.00,-24,11.29
17.00,-24,11.16
18.00,-24,9.97
19.00,-24,11.03
20.00,-24,10.44
21.00,-24,10.97
22.00,-24,11.20
23.00,-24,9.91
24.00,-24,11.34
25.00,-24,11.35
26.00,-24,11.39
27.00,-24,10.28
28.00,-24,11.48
29.00,-24,11.41
30.00,-24,11.44
31.00,-24,10.93
32.00,-24,10.59
33.00,-24,9.86
34.00,-24,10.43
35.00,-24,15.24
36.00,-24,23.53
37.00,-24,59.77
38.00,-24,63.09
39.00,-24,73.67
40.00,-24,65.81
41.00,-24,69.63
42.00,-24,66.90
43.00,-24,64.13
44.00,-24,70.78
45.00,-24,74.71
46.00,-24,72.64
47.00,-24,68.66
48.00,-24,67.22
49.00,-24,69.63
50,-23,67.38
49,-23,66.43
48,-23,67.22
47,-23,68.01
46,-23,61.63
45,-23,67.22
44,-23,62.35
43,-23,71.45
42,-23,68.98
41,-23,64.89
40,-23,67.54
39,-23,74.19
38,-23,67.22
37,-23,69.30
36,-23,69.79
35,-23,52.94
34,-23,46.09
33,-23,28.39
32,-23,14.61
31,-23,10.09
30,-23,9.80
29,-23,11.34
28,-23,11.59
27,-23,11.54
26,-23,11.45
25,-23,10.42
24,-23,11.28
23,-23,11.29
22,-23,11.29
21,-23,11.27
20,-23,10.56
19,-23,11.58
18,-23,11.93
17,-23,11.75
16,-23,11.52
15,-23,10.96
14,-23,10.38
13,-23,11.73
12,-23,12.03
11,-23,12.58
10,-23,13.71
9,-23,27.84
8,-23,88.21
7,-23,86.98
6,-23,88.41
5,-23,84.58
4,-23,82.05
3,-23,67.06
2,-23,77.93
1,-23,88.00
0,-23,87.59
-1,-23,58.80
-2,-23,45.98
-3,-23,47.05
-4,-23,37.65
-5,-23,33.72
-6,-23,34.08
-7,-23,20.90
-8,-23,13.77
-9,-23,11.11
-10.00,-22,10.80
-9.00,-22,10.79
-8.00,-22,9.60
-7.00,-22,10.73
-6.00,-22,11.15
-5.00,-22,11.87
-4.00,-22,13.82
-3.00,-22,30.02
-2.00,-22,35.34
-1.00,-22,39.43
0.00,-22,59.77
1.00,-22,58.66
2.00,-22,54.44
3.00,-22,87.19
4.00,-22,78.85
5.00,-22,71.62
6.00,-22,74.89
7.00,-22,74.71
8.00,-22,82.44
9.00,-22,88.00
10.00,-22,88.62
11.00,-22,87.80
12.00,-22,88.21
13.00,-22,14.60
14.00,-22,12.78
15.00,-22,12.20
16.00,-22,12.16
17.00,-22,12.15
18.00,-22,12.15
19.00,-22,11.16
20.00,-22,12.48
21.00,-22,12.72
22.00,-22,12.38
23.00,-22,11.43
24.00,-22,11.69
25.00,-22,11.44
26.00,-22,11.28
27.00,-22,11.28
28.00,-22,9.05
29.00,-22,11.38
30.00,-22,11.40
31.00,-22,11.58
32.00,-22,10.81
33.00,-22,11.28
34.00,-22,10.74
35.00,-22,9.69
36.00,-22,13.04
37.00,-22,22.59
38.00,-22,43.73
39.00,-22,68.17
40.00,-22,65.20
41.00,-22,73.15
42.00,-22,75.24
43.00,-22,67.69
44.00,-22,72.47
45.00,-22,70.45
46.00,-22,62.06
47.00,-22,66.28
48.00,-22,62.35
49.00,-22,66.59
50,-21,61.19
49,-21,71.96
48,-21,72.47
47,-21,67.22
46,-21,68.66
45,-21,60.20
44,-21,60.62
43,-21,64.74
42,-21,73.49
41,-21,72.47
40,-21,62.79
39,-21,68.66
38,-21,72.47
37,-21,72.98
36,-21,62.79
35,-21,59.77
34,-21,28.84
33,-21,17.78
32,-21,11.07
31,-21,10.66
30,-21,11.50
29,-21,10.51
28,-21,11.59
27,-21,11.38
26,-21,11.52
25,-21,11.48
24,-21,10.02
23,-21,11.27
22,-21,11.51
21,-21,12.06
20,-21,12.44
19,-21,11.73
18,-21,13.08
17,-21,13.19
16,-21,13.49
15,-21,13.37
14,-21,12.50
13,-21,12.69
12,-21,12.95
11,-21,13.49
10,-21,15.49
9,-21,34.44
8,-21,72.47
7,-21,70.45
6,-21,64.28
5,-21,72.30
4,-21,64.89
3,-21,59.91
2,-21,66.90
1,-21,68.17
0,-21,56.11
-1,-21,50.42
-2,-21,44.53
-3,-21,48.25
-4,-21,41.05
-5,-21,37.15
-6,-21,34.66
-7,-21,18.83
-8,-21,12.08
-9,-21,11.15
-10.00,-20,10.73
-9.00,-20,9.88
-8.00,-20,10.18
-7.00,-20,10.72
-6.00,-20,11.13
-5.00,-20,12.18
-4.00,-20,13.56
-3.00,-20,25.14
-2.00,-20,38.06
-1.00,-20,42.46
0.00,-20,70.78
1.00,-20,77.93
2.00,-20,55.85
3.00,-20,59.22
4.00,-20,61.19
5.00,-20,61.05
6.00,-20,62.50
7.00,-20,69.47
8.00,-20,64.28
9.00,-20,71.29
10.00,-20,76.31
11.00,-20,76.66
12.00,-20,88.00
13.00,-20,22.63
14.00,-20,15.77
15.00,-20,14.48
16.00,-20,15.81
17.00,-20,16.56
18.00,-20,17.06
19.00,-20,15.40
20.00,-20,15.26
21.00,-20,13.87
22.00,-20,13.11
23.00,-20,12.68
24.00,-20,10.72
25.00,-20,12.50
26.00,-20,12.37
27.00,-20,11.56
28.00,-20,10.48
29.00,-20,11.41
30.00,-20,11.57
31.00,-20,11.51
32.00,-20,11.43
33.00,-20,9.48
34.00,-20,11.47
35.00,-20,11.16
36.00,-20,10.22
37.00,-20,16.73
38.00,-20,33.36
39.00,-20,58.39
40.00,-20,64.59
41.00,-20,72.64
42.00,-20,65.50
43.00,-20,67.69
44.00,-20,64.89
45.00,-20,63.53
46.00,-20,71.79
47.00,-20,66.75
48.00,-20,67.38
49.00,-20,59.50
50,-19,70.95
49,-19,68.82
48,-19,71.12
47,-19,68.82
46,-19,69.96
45,-19,64.59
44,-19,66.12
43,-19,64.59
42,-19,64.89
41,-19,71.12
40,-19,68.17
39,-19,70.29
38,-19,69.30
37,-19,75.42
36,-19,49.84
35,-19,28.44
34,-19,16.93
33,-19,11.11
32,-19,10.99
31,-19,11.41
30,-19,11.75
29,-19,11.60
28,-19,11.52
27,-19,11.35
26,-19,11.38
25,-19,11.34
24,-19,11.04
23,-19,12.40
22,-19,12.49
21,-19,12.67
20,-19,13.13
19,-19,13.51
18,-19,16.09
17,-19,19.04
16,-19,27.78
15,-19,46.62
14,-19,38.06
13,-19,29.48
12,-19,28.67
11,-19,74.19
10,-19,87.19
9,-19,87.59
8,-19,86.98
7,-19,76.84
6,-19,87.80
5,-19,87.59
4,-19,85.37
3,-19,77.57
2,-19,74.54
1,-19,63.39
0,-19,77.21
-1,-19,88.00
-2,-19,88.41
-3,-19,86.78
-4,-19,43.53
-5,-19,33.15
-6,-19,24.03
-7,-19,16.52
-8,-19,12.13
-9,-19,11.95
-10.00,-18,10.75
-9.00,-18,10.59
-8.00,-18,10.69
-7.00,-18,8.58
-6.00,-18,10.96
-5.00,-18,12.54
-4.00,-18,14.31
-3.00,-18,18.37
-2.00,-18,57.85
-1.00,-18,87.19
0.00,-18,86.78
1.00,-18,87.80
2.00,-18,88.00
3.00,-18,62.94
4.00,-18,59.08
5.00,-18,66.59
6.00,-18,62.50
7.00,-18,85.97
8.00,-18,85.37
9.00,-18,86.38
10.00,-18,74.71
11.00,-18,83.60
12.00,-18,85.77
13.00,-18,87.80
14.00,-18,86.58
15.00,-18,84.98
16.00,-18,88.00
17.00,-18,86.38
18.00,-18,85.57
19.00,-18,88.41
20.00,-18,85.97
21.00,-18,35.34
22.00,-18,19.94
23.00,-18,15.69
24.00,-18,12.68
25.00,-18,12.98
26.00,-18,12.46
27.00,-18,12.16
28.00,-18,11.41
29.00,-18,11.48
30.00,-18,11.38
31.00,-18,11.44
32.00,-18,11.50
33.00,-18,10.49
34.00,-18,11.73
35.00,-18,11.45
36.00,-18,11.22
37.00,-18,12.01
38.00,-18,19.20
39.00,-18,36.59
40.00,-18,55.85
41.00,-18,68.01
42.00,-18,60.48
43.00,-18,67.54
44.00,-18,81.48
45.00,-18,68.82
46.00,-18,60.76
47.00,-18,64.28
48.00,-18,66.28
49.00,-18,62.65
50,-17,63.98
49,-17,63.68
48,-17,68.82
47,-17,74.36
46,-17,72.13
45,-17,68.82
44,-17,61.48
43,-17,69.30
42,-17,67.38
41,-17,60.62
40,-17,62.06
39,-17,62.50
38,-17,66.90
37,-17,60.34
36,-17,36.11
35,-17,16.46
34,-17,11.73
33,-17,10.96
32,-17,11.51
31,-17,11.78
30,-17,11.51
29,-17,10.74
28,-17,11.21
27,-17,11.45
26,-17,11.54
25,-17,11.77
24,-17,12.14
23,-17,11.53
22,-17,13.14
21,-17,14.37
20,-17,18.25
19,-17,48.59
18,-17,87.39
17,-17,87.39
16,-17,86.98
15,-17,88.00
14,-17,87.59
13,-17,85.97
12,-17,86.98
11,-17,88.00
10,-17,88.41
9,-17,87.80
8,-17,88.82
7,-17,87.59
6,-17,76.84
5,-17,71.79
4,-17,63.68
3,-17,60.20
2,-17,49.49
1,-17,46.40
0,-17,67.06
-1,-17,87.39
-2,-17,88.00
-3,-17,85.77
-4,-17,84.38
-5,-17,54.06
-6,-17,26.28
-7,-17,18.27
-8,-17,13.60
-9,-17,10.18
-10.00,-16,10.57
-9.00,-16,10.67
-8.00,-16,10.46
-7.00,-16,10.04
-6.00,-16,10.89
-5.00,-16,12.45
-4.00,-16,14.01
-3.00,-16,18.52
-2.00,-16,16.39
-1.00,-16,19.20
0.00,-16,18.18
1.00,-16,17.04
2.00,-16,17.42
3.00,-16,20.67
4.00,-16,24.33
5.00,-16,35.04
6.00,-16,43.93
7.00,-16,45.56
8.00,-16,58.66
9.00,-16,72.98
10.00,-16,79.22
11.00,-16,80.72
12.00,-16,86.98
13.00,-16,86.38
14.00,-16,86.98
15.00,-16,88.00
16.00,-16,87.39
17.00,-16,88.00
18.00,-16,88.00
19.00,-16,87.59
20.00,-16,88.82
21.00,-16,87.59
22.00,-16,86.98
23.00,-16,46.30
24.00,-16,16.26
25.00,-16,12.38
26.00,-16,12.99
27.00,-16,12.37
28.00,-16,11.98
29.00,-16,11.54
30.00,-16,10.04
31.00,-16,11.32
32.00,-16,11.45
33.00,-16,11.64
34.00,-16,10.62
35.00,-16,11.75
36.00,-16,11.73
37.00,-16,11.34
38.00,-16,15.77
39.00,-16,28.22
40.00,-16,52.08
41.00,-16,63.98
42.00,-16,64.74
43.00,-16,69.79
44.00,-16,68.33
45.00,-16,81.67
46.00,-16,68.49
47.00,-16,66.43
48.00,-16,66.43
49.00,-16,62.21
50,-15,62.94
49,-15,67.69
48,-15,62.79
47,-15,61.34
46,-15,66.12
45,-15,66.28
44,-15,74.71
43,-15,58.25
42,-15,68.49
41,-15,67.85
40,-15,67.54
39,-15,69.96
38,-15,67.69
37,-15,54.44
36,-15,28.61
35,-15,14.47
34,-15,11.84
33,-15,11.33
32,-15,10.66
31,-15,11.66
30,-15,11.53
29,-15,11.41
28,-15,11.44
27,-15,10.11
26,-15,11.33
25,-15,11.52
24,-15,12.15
23,-15,13.04
22,-15,12.63
21,-15,15.84
20,-15,51.72
19,-15,78.30
18,-15,79.22
17,-15,85.37
16,-15,86.58
15,-15,83.02
14,-15,87.39
13,-15,85.37
12,-15,87.19
11,-15,86.58
10,-15,86.58
9,-15,86.98
8,-15,85.77
7,-15,62.35
6,-15,46.83
5,-15,39.96
4,-15,33.08
3,-15,25.79
2,-15,24.20
1,-15,25.46
0,-15,28.84
-1,-15,28.50
-2,-15,27.84
-3,-15,27.41
-4,-15,25.75
-5,-15,28.95
-6,-15,28.44
-7,-15,23.57
-8,-15,13.89
-9,-15,11.32
-10.00,-14,9.50
-9.00,-14,10.50
-8.00,-14,10.50
-7.00,-14,10.34
-6.00,-14,8.60
-5.00,-14,12.50
-4.00,-14,17.80
-3.00,-14,30.02
-2.00,-14,31.86
-1.00,-14,29.66
0.00,-14,31.86
1.00,-14,30.76
2.00,-14,31.08
3.00,-14,28.67
4.00,-14,30.32
5.00,-14,29.30
6.00,-14,27.30
7.00,-14,25.09
8.00,-14,20.67
9.00,-14,21.64
10.00,-14,28.05
11.00,-14,39.08
12.00,-14,44.84
13.00,-14,88.00
14.00,-14,88.62
15.00,-14,88.21
16.00,-14,84.58
17.00,-14,69.79
18.00,-14,76.13
19.00,-14,81.48
20.00,-14,75.42
21.00,-14,73.49
22.00,-14,65.97
23.00,-14,60.62
24.00,-14,23.53
25.00,-14,13.70
26.00,-14,11.96
27.00,-14,11.65
28.00,-14,11.25
29.00,-14,10.98
30.00,-14,10.26
31.00,-14,11.13
32.00,-14,11.41
33.00,-14,11.47
34.00,-14,11.58
35.00,-14,10.66
36.00,-14,11.88
37.00,-14,11.78
38.00,-14,16.20
39.00,-14,23.37
40.00,-14,47.81
41.00,-14,69.30
42.00,-14,77.57
43.00,-14,82.24
44.00,-14,78.85
45.00,-14,73.49
46.00,-14,77.02
47.00,-14,66.75
48.00,-14,68.33
49.00,-14,74.36
50,-13,66.75
49,-13,68.33
48,-13,72.13
47,-13,58.53
46,-13,68.98
45,-13,78.12
44,-13,68.66
43,-13,68.98
42,-13,66.75
41,-13,76.13
40,-13,79.59
39,-13,83.60
38,-13,83.21
37,-13,70.62
36,-13,36.19
35,-13,22.74
34,-13,11.91
33,-13,11.93
32,-13,10.87
31,-13,11.64
30,-13,11.53
29,-13,11.43
28,-13,11.44
27,-13,10.27
26,-13,11.03
25,-13,10.96
24,-13,11.68
23,-13,12.31
22,-13,13.14
21,-13,15.27
20,-13,42.27
19,-13,53.93
18,-13,64.89
17,-13,75.77
16,-13,83.60
15,-13,83.40
14,-13,83.02
13,-13,88.21
12,-13,87.39
11,-13,87.80
10,-13,88.00
9,-13,87.59
8,-13,57.85
7,-13,23.49
6,-13,20.06
5,-13,24.91
4,-13,28.50
3,-13,28.90
2,-13,28.95
1,-13,31.53
0,-13,29.30
-1,-13,31.86
-2,-13,32.53
-3,-13,31.86
-4,-13,31.72
-5,-13,29.07
-6,-13,30.82
-7,-13,28.44
-8,-13,16.27
-9,-13,10.99
-10.00,-12,9.42
-9.00,-12,10.17
-8.00,-12,10.40
-7.00,-12,10.26
-6.00,-12,10.52
-5.00,-12,11.39
-4.00,-12,18.08
-3.00,-12,28.90
-2.00,-12,31.79
-1.00,-12,28.11
0.00,-12,30.95
1.00,-12,30.26
2.00,-12,30.26
3.00,-12,30.32
4.00,-12,28.00
5.00,-12,29.54
6.00,-12,31.01
7.00,-12,31.53
8.00,-12,30.02
9.00,-12,29.78
10.00,-12,27.57
11.00,-12,25.79
12.00,-12,35.73
13.00,-12,39.70
14.00,-12,53.06
15.00,-12,69.30
16.00,-12,76.49
17.00,-12,71.29
18.00,-12,78.67
19.00,-12,73.84
20.00,-12,68.01
21.00,-12,55.46
22.00,-12,41.51
23.00,-12,31.20
24.00,-12,13.95
25.00,-12,11.91
26.00,-12,10.63
27.00,-12,10.85
28.00,-12,10.80
29.00,-12,10.91
30.00,-12,11.34
31.00,-12,10.85
32.00,-12,11.40
33.00,-12,11.34
34.00,-12,11.54
35.00,-12,9.44
36.00,-12,12.04
37.00,-12,12.57
38.00,-12,18.35
39.00,-12,30.89
40.00,-12,58.53
41.00,-12,66.90
42.00,-12,68.66
43.00,-12,70.29
44.00,-12,61.92
45.00,-12,70.45
46.00,-12,76.84
47.00,-12,67.85
48.00,-12,74.19
49.00,-12,70.62
50,-11,77.75
49,-11,68.01
48,-11,61.05
47,-11,62.94
46,-11,74.01
45,-11,56.25
44,-11,55.08
43,-11,59.36
42,-11,57.04
41,-11,54.95
40,-11,65.35
39,-11,60.48
38,-11,77.75
37,-11,66.43
36,-11,41.24
35,-11,27.41
34,-11,14.53
33,-11,12.25
32,-11,11.70
31,-11,10.60
30,-11,11.63
29,-11,11.47
28,-11,11.35
27,-11,11.32
26,-11,10.05
25,-11,10.74
24,-11,10.59
23,-11,10.59
22,-11,10.45
21,-11,9.28
20,-11,12.00
19,-11,14.21
18,-11,23.95
17,-11,35.57
16,-11,45.25
15,-11,49.95
14,-11,54.18
13,-11,63.53
12,-11,79.04
11,-11,69.96
10,-11,38.91
9,-11,34.89
8,-11,30.32
7,-11,32.32
6,-11,33.43
5,-11,31.08
4,-11,29.42
3,-11,28.27
2,-11,27.04
1,-11,28.61
0,-11,27.51
-1,-11,28.61
-2,-11,29.13
-3,-11,29.54
-4,-11,28.95
-5,-11,27.94
-6,-11,28.33
-7,-11,27.20
-8,-11,16.13
-9,-11,10.45
-10.00,-10,9.05
-9.00,-10,10.28
-8.00,-10,10.43
-7.00,-10,10.37
-6.00,-10,10.18
-5.00,-10,8.98
-4.00,-10,19.56
-3.00,-10,27.51
-2.00,-10,27.94
-1.00,-10,28.72
0.00,-10,26.13
1.00,-10,27.51
2.00,-10,26.83
3.00,-10,26.38
4.00,-10,25.05
5.00,-10,26.04
6.00,-10,26.38
7.00,-10,28.22
8.00,-10,31.53
9.00,-10,32.12
10.00,-10,36.27
11.00,-10,31.86
12.00,-10,25.75
13.00,-10,21.37
14.00,-10,25.99
15.00,-10,31.79
16.00,-10,30.70
17.00,-10,24.55
18.00,-10,19.97
19.00,-10,18.57
20.00,-10,13.87
21.00,-10,11.22
22.00,-10,7.84
23.00,-10,8.84
24.00,-10,8.84
25.00,-10,9.75
26.00,-10,10.40
27.00,-10,9.58
28.00,-10,11.03
29.00,-10,11.11
30.00,-10,11.32
31.00,-10,9.99
32.00,-10,11.23
33.00,-10,11.46
34.00,-10,11.63
35.00,-10,11.62
36.00,-10,11.95
37.00,-10,13.58
38.00,-10,25.84
39.00,-10,41.24
40.00,-10,54.82
41.00,-10,74.89
42.00,-10,72.64
43.00,-10,70.95
44.00,-10,71.96
45.00,-10,69.14
46.00,-10,69.96
47.00,-10,65.20
48.00,-10,66.59
49.00,-10,58.12
50,-9,67.38
49,-9,68.66
48,-9,67.22
47,-9,71.79
46,-9,68.98
45,-9,70.78
44,-9,63.09
43,-9,66.59
42,-9,70.29
41,-9,69.96
40,-9,70.45
39,-9,77.21
38,-9,75.95
37,-9,67.54
36,-9,47.81
35,-9,31.59
34,-9,21.96
33,-9,13.34
32,-9,12.18
31,-9,11.75
30,-9,10.34
29,-9,11.31
28,-9,11.11
27,-9,11.13
26,-9,11.01
25,-9,10.09
24,-9,10.85
23,-9,10.49
22,-9,9.89
21,-9,9.45
20,-9,7.95
19,-9,8.28
18,-9,8.15
17,-9,8.38
16,-9,9.09
15,-9,10.74
14,-9,10.61
13,-9,12.94
12,-9,14.85
11,-9,19.31
10,-9,23.29
9,-9,21.68
8,-9,29.36
7,-9,34.00
6,-9,29.36
5,-9,28.22
4,-9,27.25
3,-9,24.33
2,-9,26.48
1,-9,26.28
0,-9,27.35
-1,-9,26.38
-2,-9,24.73
-3,-9,26.94
-4,-9,28.00
-5,-9,27.14
-6,-9,27.14
-7,-9,26.53
-8,-9,14.43
-9,-9,10.21
-10.00,-8,10.35
-9.00,-8,10.51
-8.00,-8,10.27
-7.00,-8,9.29
-6.00,-8,10.32
-5.00,-8,12.43
-4.00,-8,19.48
-3.00,-8,23.37
-2.00,-8,25.42
-1.00,-8,25.09
0.00,-8,24.51
1.00,-8,25.51
2.00,-8,22.70
3.00,-8,24.64
4.00,-8,24.60
5.00,-8,24.12
6.00,-8,21.47
7.00,-8,18.25
8.00,-8,17.75
9.00,-8,16.91
10.00,-8,17.66
11.00,-8,19.79
12.00,-8,23.09
13.00,-8,19.56
14.00,-8,12.46
15.00,-8,8.49
16.00,-8,5.91
17.00,-8,6.49
18.00,-8,6.79
19.00,-8,7.13
20.00,-8,6.43
21.00,-8,8.10
22.00,-8,8.70
23.00,-8,8.97
24.00,-8,9.72
25.00,-8,9.02
26.00,-8,10.40
27.00,-8,10.92
28.00,-8,11.03
29.00,-8,10.50
30.00,-8,11.08
31.00,-8,11.35
32.00,-8,11.29
33.00,-8,11.47
34.00,-8,10.40
35.00,-8,12.02
36.00,-8,12.88
37.00,-8,19.42
38.00,-8,45.46
39.00,-8,58.66
40.00,-8,84.58
41.00,-8,79.78
42.00,-8,78.30
43.00,-8,75.42
44.00,-8,74.89
45.00,-8,64.89
46.00,-8,65.97
47.00,-8,68.01
48.00,-8,66.28
49.00,-8,70.78
50,-7,70.95
49,-7,76.66
48,-7,73.15
47,-7,64.13
46,-7,77.21
45,-7,77.21
44,-7,74.54
43,-7,79.59
42,-7,80.34
41,-7,72.64
40,-7,68.82
39,-7,70.78
38,-7,63.24
37,-7,70.62
36,-7,71.45
35,-7,59.08
34,-7,40.68
33,-7,17.69
32,-7,12.62
31,-7,11.88
30,-7,11.62
29,-7,11.51
28,-7,11.33
27,-7,11.33
26,-7,10.23
25,-7,10.99
24,-7,10.90
23,-7,10.81
22,-7,10.79
21,-7,9.43
20,-7,10.52
19,-7,10.09
18,-7,9.93
17,-7,9.52
16,-7,8.31
15,-7,8.31
14,-7,8.75
13,-7,8.26
12,-7,8.19
11,-7,8.74
10,-7,8.10
9,-7,9.24
8,-7,8.45
7,-7,9.20
6,-7,9.74
5,-7,8.51
4,-7,8.92
3,-7,9.78
2,-7,9.89
1,-7,10.09
0,-7,10.29
-1,-7,9.12
-2,-7,10.57
-3,-7,10.75
-4,-7,11.51
-5,-7,12.15
-6,-7,11.64
-7,-7,11.56
-8,-7,11.39
-9,-7,10.05
-10.00,-6,10.31
-9.00,-6,10.17
-8.00,-6,8.20
-7.00,-6,10.40
-6.00,-6,10.12
-5.00,-6,9.94
-4.00,-6,9.36
-3.00,-6,10.48
-2.00,-6,10.18
-1.00,-6,10.01
0.00,-6,9.67
1.00,-6,6.79
2.00,-6,9.34
3.00,-6,9.27
4.00,-6,9.23
5.00,-6,9.09
6.00,-6,8.01
7.00,-6,9.34
8.00,-6,9.28
9.00,-6,9.12
10.00,-6,8.21
11.00,-6,8.35
12.00,-6,8.54
13.00,-6,9.02
14.00,-6,8.77
15.00,-6,7.63
16.00,-6,9.18
17.00,-6,9.29
18.00,-6,9.58
19.00,-6,9.50
20.00,-6,8.43
21.00,-6,10.11
22.00,-6,10.35
23.00,-6,10.45
24.00,-6,9.58
25.00,-6,10.80
26.00,-6,10.71
27.00,-6,10.83
28.00,-6,11.17
29.00,-6,10.22
30.00,-6,11.23
31.00,-6,11.21
32.00,-6,11.31
33.00,-6,10.55
34.00,-6,11.71
35.00,-6,11.88
36.00,-6,13.97
37.00,-6,34.08
38.00,-6,47.15
39.00,-6,64.44
40.00,-6,70.45
41.00,-6,70.95
42.00,-6,69.63
43.00,-6,70.45
44.00,-6,79.22
45.00,-6,68.17
46.00,-6,78.67
47.00,-6,79.22
48.00,-6,76.66
49.00,-6,77.57
50,-5,70.29
49,-5,77.21
48,-5,84.98
47,-5,76.49
46,-5,79.41
45,-5,74.89
44,-5,70.78
43,-5,63.83
42,-5,61.19
41,-5,66.90
40,-5,72.13
39,-5,72.81
38,-5,71.62
37,-5,68.17
36,-5,68.01
35,-5,57.71
34,-5,50.30
33,-5,24.77
32,-5,14.60
31,-5,12.49
30,-5,11.38
29,-5,11.46
28,-5,11.16
27,-5,9.18
26,-5,11.11
25,-5,10.96
24,-5,10.86
23,-5,11.08
22,-5,9.53
21,-5,10.73
20,-5,10.43
19,-5,10.62
18,-5,10.38
17,-5,8.13
16,-5,9.90
15,-5,10.31
14,-5,10.27
13,-5,10.16
12,-5,9.99
11,-5,8.44
10,-5,9.60
9,-5,9.60
8,-5,9.33
7,-5,9.59
6,-5,8.44
5,-5,9.52
4,-5,9.74
3,-5,9.74
2,-5,9.74
1,-5,9.77
0,-5,8.31
-1,-5,9.38
-2,-5,9.47
-3,-5,9.38
-4,-5,9.47
-5,-5,8.87
-6,-5,8.03
-7,-5,9.48
-8,-5,9.40
-9,-5,9.80
-10.00,-4,10.09
-9.00,-4,9.08
-8.00,-4,10.55
-7.00,-4,10.27
-6.00,-4,10.12
-5.00,-4,9.70
-4.00,-4,8.50
-3.00,-4,9.70
-2.00,-4,9.74
-1.00,-4,9.75
0.00,-4,8.74
1.00,-4,9.63
2.00,-4,9.85
3.00,-4,9.78
4.00,-4,10.01
5.00,-4,8.70
6.00,-4,9.97
7.00,-4,9.78
8.00,-4,9.91
9.00,-4,9.79
10.00,-4,8.50
11.00,-4,9.86
12.00,-4,9.84
13.00,-4,9.96
14.00,-4,9.32
15.00,-4,10.04
16.00,-4,10.17
17.00,-4,10.16
18.00,-4,10.15
19.00,-4,9.09
20.00,-4,10.31
21.00,-4,10.55
22.00,-4,10.67
23.00,-4,10.45
24.00,-4,10.28
25.00,-4,10.96
26.00,-4,10.96
27.00,-4,10.99
28.00,-4,9.94
29.00,-4,11.17
30.00,-4,11.33
31.00,-4,11.21
32.00,-4,11.41
33.00,-4,10.66
34.00,-4,11.95
35.00,-4,12.43
36.00,-4,17.25
37.00,-4,38.74
38.00,-4,62.50
39.00,-4,67.22
40.00,-4,72.13
41.00,-4,65.97
42.00,-4,77.39
43.00,-4,75.42
44.00,-4,61.34
45.00,-4,64.74
46.00,-4,59.36
47.00,-4,68.66
48.00,-4,67.38
49.00,-4,71.29
50,-3,70.29
49,-3,76.84
48,-3,81.67
47,-3,75.59
46,-3,66.75
45,-3,66.75
44,-3,54.31
43,-3,63.24
42,-3,72.47
41,-3,66.75
40,-3,67.69
39,-3,67.54
38,-3,66.12
37,-3,71.29
36,-3,62.65
35,-3,68.01
34,-3,51.12
33,-3,34.66
32,-3,16.04
31,-3,12.72
30,-3,11.94
29,-3,11.66
28,-3,10.13
27,-3,11.19
26,-3,11.23
25,-3,11.10
24,-3,11.02
23,-3,10.45
22,-3,9.86
21,-3,10.91
20,-3,10.75
19,-3,10.61
18,-3,10.68
17,-3,8.08
16,-3,10.40
15,-3,10.38
14,-3,10.12
13,-3,10.11
12,-3,9.13
11,-3,10.12
10,-3,10.05
9,-3,9.93
8,-3,10.00
7,-3,9.69
6,-3,8.94
5,-3,10.11
4,-3,9.80
3,-3,10.07
2,-3,9.97
1,-3,8.92
0,-3,9.89
-1,-3,9.86
-2,-3,9.95
-3,-3,9.77
-4,-3,9.85
-5,-3,8.38
-6,-3,9.88
-7,-3,9.80
-8,-3,9.73
-9,-3,10.02
-10.00,-2,9.52
-9.00,-2,10.50
-8.00,-2,10.35
-7.00,-2,10.39
-6.00,-2,10.49
-5.00,-2,9.17
-4.00,-2,10.38
-3.00,-2,10.21
-2.00,-2,10.23
-1.00,-2,9.97
0.00,-2,8.98
1.00,-2,10.28
2.00,-2,10.01
3.00,-2,10.12
4.00,-2,8.77
5.00,-2,10.27
6.00,-2,10.20
7.00,-2,10.26
8.00,-2,10.24
9.00,-2,8.84
10.00,-2,10.31
11.00,-2,9.99
12.00,-2,10.27
13.00,-2,10.09
14.00,-2,10.12
15.00,-2,10.18
16.00,-2,10.44
17.00,-2,10.43
18.00,-2,9.38
19.00,-2,10.29
20.00,-2,10.44
21.00,-2,10.66
22.00,-2,10.75
23.00,-2,9.53
24.00,-2,10.91
25.00,-2,10.86
26.00,-2,10.96
27.00,-2,10.01
28.00,-2,11.19
29.00,-2,11.28
30.00,-2,11.39
31.00,-2,11.46
32.00,-2,10.87
33.00,-2,12.74
34.00,-2,13.45
35.00,-2,19.73
36.00,-2,39.96
37.00,-2,64.44
38.00,-2,72.64
39.00,-2,75.42
40.00,-2,77.02
41.00,-2,71.96
42.00,-2,64.59
43.00,-2,64.59
44.00,-2,68.66
45.00,-2,73.32
46.00,-2,70.29
47.00,-2,70.45
48.00,-2,65.81
49.00,-2,64.89
50,-1,59.77
49,-1,67.38
48,-1,70.78
47,-1,66.90
46,-1,74.19
45,-1,66.90
44,-1,66.43
43,-1,66.43
42,-1,74.36
41,-1,62.79
40,-1,75.59
39,-1,68.66
38,-1,74.36
37,-1,67.54
36,-1,64.74
35,-1,74.54
34,-1,61.77
33,-1,64.89
32,-1,52.94
31,-1,28.16
30,-1,16.54
29,-1,13.11
28,-1,12.55
27,-1,11.90
26,-1,11.48
25,-1,11.32
24,-1,10.28
23,-1,10.92
22,-1,10.83
21,-1,10.95
20,-1,10.87
19,-1,10.69
18,-1,9.47
17,-1,10.66
16,-1,10.61
15,-1,10.29
14,-1,10.31
13,-1,9.39
12,-1,10.34
11,-1,10.40
10,-1,10.35
9,-1,10.20
8,-1,9.52
7,-1,9.18
6,-1,10.11
5,-1,10.26
4,-1,10.05
3,-1,10.17
2,-1,9.03
1,-1,10.02
0,-1,10.27
-1,-1,10.06
-2,-1,10.24
-3,-1,9.63
-4,-1,9.09
-5,-1,10.27
-6,-1,10.18
-7,-1,10.18
-8,-1,10.24
-9,-1,9.39
-10.00,0,10.56
-9.00,0,10.49
-8.00,0,10.51
-7.00,0,10.66
-6.00,0,9.34
-5.00,0,10.33
-4.00,0,10.40
-3.00,0,10.33
-2.00,0,9.58
-1.00,0,10.24
0.00,0,10.20
1.00,0,10.29
2.00,0,10.31
3.00,0,9.14
4.00,0,10.18
5.00,0,10.42
6.00,0,10.31
7.00,0,10.29
8.00,0,9.03
9.00,0,10.40
10.00,0,10.35
11.00,0,10.09
12.00,0,9.58
13.00,0,10.23
14.00,0,10.38
15.00,0,10.23
16.00,0,10.52
17.00,0,9.33
18.00,0,10.38
19.00,0,10.56
20.00,0,10.68
21.00,0,10.67
22.00,0,9.44
23.00,0,10.83
24.00,0,10.91
25.00,0,11.07
26.00,0,9.96
27.00,0,11.09
28.00,0,11.33
29.00,0,11.56
30.00,0,11.94
31.00,0,11.20
32.00,0,13.06
33.00,0,14.72
34.00,0,20.83
35.00,0,44.43
36.00,0,54.69
37.00,0,69.96
38.00,0,74.89
39.00,0,81.48
40.00,0,74.19
41.00,0,81.29
42.00,0,68.66
43.00,0,74.54
44.00,0,71.29
45.00,0,60.76
46.00,0,70.62
47.00,0,65.35
48.00,0,67.54
49.00,0,64.44
50,1,67.06
49,1,68.66
48,1,72.64
47,1,64.59
46,1,66.90
45,1,67.85
44,1,71.62
43,1,74.71
42,1,74.54
41,1,66.28
40,1,62.79
39,1,70.95
38,1,72.30
37,1,69.14
36,1,73.49
35,1,61.92
34,1,68.17
33,1,69.63
32,1,58.39
31,1,34.66
30,1,22.70
29,1,16.81
28,1,14.34
27,1,13.13
26,1,12.39
25,1,11.26
24,1,9.97
23,1,11.08
22,1,11.04
21,1,10.79
20,1,10.91
19,1,8.40
18,1,10.79
17,1,10.51
16,1,10.21
15,1,10.68
14,1,9.50
13,1,10.29
12,1,10.51
11,1,10.49
10,1,10.38
9,1,10.13
8,1,9.22
7,1,10.29
6,1,10.40
5,1,10.42
4,1,10.29
3,1,9.02
2,1,10.34
1,1,10.17
0,1,10.40
-1,1,10.42
-2,1,10.27
-3,1,9.29
-4,1,10.32
-5,1,10.40
-6,1,10.32
-7,1,10.17
-8,1,9.52
-9,1,10.45
-10.00,2,10.62
-9.00,2,10.59
-8.00,2,10.43
-7.00,2,9.42
-6.00,2,10.45
-5.00,2,10.54
-4.00,2,10.50
-3.00,2,10.28
-2.00,2,8.09
-1.00,2,10.18
0.00,2,10.43
1.00,2,10.37
2.00,2,9.69
3.00,2,10.18
4.00,2,10.39
5.00,2,10.39
6.00,2,10.20
7.00,2,8.19
8.00,2,10.17
9.00,2,10.40
10.00,2,10.33
11.00,2,10.26
12.00,2,9.09
13.00,2,10.42
14.00,2,9.54
15.00,2,10.51
16.00,2,9.63
17.00,2,10.34
18.00,2,10.68
19.00,2,10.59
20.00,2,10.49
21.00,2,9.48
22.00,2,10.78
23.00,2,10.85
24.00,2,10.87
25.00,2,10.78
26.00,2,10.99
27.00,2,11.45
28.00,2,11.77
29.00,2,12.19
30.00,2,12.73
31.00,2,15.02
32.00,2,16.11
33.00,2,26.04
34.00,2,38.15
35.00,2,58.25
36.00,2,71.62
37.00,2,78.85
38.00,2,68.01
39.00,2,69.30
40.00,2,74.89
41.00,2,66.43
42.00,2,72.64
43.00,2,64.89
44.00,2,66.59
45.00,2,69.63
46.00,2,67.85
47.00,2,68.17
48.00,2,69.47
49.00,2,70.78
50,3,63.98
49,3,67.38
48,3,69.30
47,3,69.63
46,3,71.29
45,3,64.59
44,3,68.01
43,3,68.01
42,3,68.66
41,3,65.35
40,3,66.12
39,3,70.45
38,3,64.89
37,3,70.95
36,3,79.59
35,3,70.78
34,3,76.49
33,3,85.57
32,3,81.48
31,3,64.89
30,3,52.94
29,3,40.78
28,3,24.20
27,3,15.52
26,3,14.51
25,3,11.88
24,3,11.84
23,3,11.53
22,3,11.34
21,3,11.17
20,3,9.95
19,3,10.96
18,3,10.75
17,3,10.78
16,3,10.72
15,3,9.80
14,3,10.34
13,3,10.56
12,3,10.51
11,3,10.51
10,3,10.37
9,3,9.19
8,3,10.35
7,3,10.17
6,3,10.39
5,3,10.18
4,3,9.17
3,3,10.24
2,3,10.40
1,3,10.43
0,3,10.33
-1,3,10.22
-2,3,9.27
-3,3,10.32
-4,3,10.40
-5,3,10.42
-6,3,10.42
-7,3,9.27
-8,3,10.37
-9,3,10.35
-10.00,4,10.65
-9.00,4,10.65
-8.00,4,9.57
-7.00,4,10.60
-6.00,4,10.45
-5.00,4,10.57
-4.00,4,10.55
-3.00,4,8.25
-2.00,4,10.31
-1.00,4,10.54
0.00,4,10.49
1.00,4,10.31
2.00,4,9.22
3.00,4,10.56
4.00,4,10.54
5.00,4,10.55
6.00,4,9.09
7.00,4,10.27
8.00,4,10.56
9.00,4,10.35
10.00,4,10.51
11.00,4,9.33
12.00,4,10.32
13.00,4,10.54
14.00,4,10.51
15.00,4,10.57
16.00,4,9.57
17.00,4,10.67
18.00,4,10.60
19.00,4,10.57
20.00,4,9.84
21.00,4,11.05
22.00,4,11.04
23.00,4,11.31
24.00,4,11.41
25.00,4,9.57
26.00,4,12.30
27.00,4,12.99
28.00,4,13.48
29.00,4,15.37
30.00,4,22.07
31.00,4,32.94
32.00,4,44.74
33.00,4,66.59
34.00,4,63.53
35.00,4,79.04
36.00,4,87.59
37.00,4,83.40
38.00,4,75.95
39.00,4,71.96
40.00,4,70.62
41.00,4,67.85
42.00,4,70.62
43.00,4,72.47
44.00,4,72.47
45.00,4,69.30
46.00,4,75.06
47.00,4,74.36
48.00,4,61.19
49.00,4,69.96
50,5,68.17
49,5,66.59
48,5,66.12
47,5,65.81
46,5,72.64
45,5,70.62
44,5,70.95
43,5,75.24
42,5,67.54
41,5,68.66
40,5,74.71
39,5,71.12
38,5,68.17
37,5,66.75
36,5,66.43
35,5,79.41
34,5,68.66
33,5,86.38
32,5,86.98
31,5,83.80
30,5,83.21
29,5,69.79
28,5,51.00
27,5,34.81
26,5,18.47
25,5,15.70
24,5,14.00
23,5,12.87
22,5,12.52
21,5,11.29
20,5,11.71
19,5,11.62
18,5,11.20
17,5,11.02
16,5,10.35
15,5,10.05
14,5,10.80
13,5,10.48
12,5,10.67
11,5,10.54
10,5,9.16
9,5,10.38
8,5,10.54
7,5,10.33
6,5,10.42
5,5,9.17
4,5,10.38
3,5,10.52
2,5,10.32
1,5,10.40
0,5,10.50
-1,5,9.37
-2,5,10.55
-3,5,10.46
-4,5,10.33
-5,5,10.43
-6,5,9.60
-7,5,10.44
-8,5,10.57
-9,5,10.67
-10.00,6,10.37
-9.00,6,10.34
-8.00,6,9.39
-7.00,6,10.60
-6.00,6,10.49
-5.00,6,10.67
-4.00,6,8.26
-3.00,6,10.55
-2.00,6,10.59
-1.00,6,10.65
0.00,6,10.50
1.00,6,9.24
2.00,6,10.54
3.00,6,10.39
4.00,6,10.51
5.00,6,10.26
6.00,6,10.16
7.00,6,10.32
8.00,6,10.52
9.00,6,10.59
10.00,6,9.49
11.00,6,10.66
12.00,6,10.55
13.00,6,10.79
14.00,6,10.77
15.00,6,9.78
16.00,6,10.98
17.00,6,11.17
18.00,6,11.25
19.00,6,10.86
20.00,6,11.53
21.00,6,11.88
22.00,6,12.22
23.00,6,12.84
24.00,6,12.39
25.00,6,13.81
26.00,6,14.66
27.00,6,16.64
28.00,6,20.93
29.00,6,30.02
30.00,6,45.98
31.00,6,62.94
32.00,6,80.53
33.00,6,77.21
34.00,6,87.39
35.00,6,87.39
36.00,6,88.00
37.00,6,85.77
38.00,6,69.96
39.00,6,85.18
40.00,6,78.67
41.00,6,68.82
42.00,6,66.90
43.00,6,74.19
44.00,6,68.66
45.00,6,70.62
46.00,6,70.62
47.00,6,66.90
48.00,6,68.66
49.00,6,66.75
50,7,68.82
49,7,68.98
48,7,67.38
47,7,66.12
46,7,75.24
45,7,76.49
44,7,64.59
43,7,66.12
42,7,73.15
41,7,77.75
40,7,67.54
39,7,66.75
38,7,68.33
37,7,70.62
36,7,73.49
35,7,78.48
34,7,79.41
33,7,88.21
32,7,84.58
31,7,88.41
30,7,70.62
29,7,81.29
28,7,61.77
27,7,43.63
26,7,38.74
25,7,23.66
24,7,16.27
23,7,14.73
22,7,13.10
21,7,13.30
20,7,12.82
19,7,12.22
18,7,12.03
17,7,11.76
16,7,10.38
15,7,11.28
14,7,11.08
13,7,11.01
12,7,10.90
11,7,9.49
10,7,10.78
9,7,10.62
8,7,10.66
7,7,10.66
6,7,10.04
5,7,9.16
4,7,10.49
3,7,10.32
2,7,10.54
1,7,10.37
0,7,9.45
-1,7,10.66
-2,7,10.44
-3,7,10.68
-4,7,10.60
-5,7,10.27
-6,7,9.53
-7,7,10.57
-8,7,10.69
-9,7,10.68
-10.00,8,10.63
-9.00,8,10.78
-8.00,8,10.49
-7.00,8,10.67
-6.00,8,10.45
-5.00,8,10.59
-4.00,8,8.24
-3.00,8,10.81
-2.00,8,10.72
-1.00,8,10.80
0.00,8,9.78
1.00,8,10.79
2.00,8,10.80
3.00,8,10.83
4.00,8,10.87
5.00,8,9.63
6.00,8,10.89
7.00,8,10.91
8.00,8,11.05
9.00,8,11.08
10.00,8,9.97
11.00,8,11.05
12.00,8,11.19
13.00,8,11.35
14.00,8,10.54
15.00,8,11.83
16.00,8,12.01
17.00,8,12.16
18.00,8,12.43
19.00,8,11.73
20.00,8,13.25
21.00,8,13.86
22.00,8,14.30
23.00,8,14.30
24.00,8,16.44
25.00,8,18.22
26.00,8,20.48
27.00,8,29.42
28.00,8,38.48
29.00,8,53.06
30.00,8,69.47
31.00,8,86.98
32.00,8,88.41
33.00,8,87.19
34.00,8,86.78
35.00,8,87.59
36.00,8,88.00
37.00,8,83.80
38.00,8,68.49
39.00,8,76.49
40.00,8,70.62
41.00,8,72.64
42.00,8,57.04
43.00,8,66.59
44.00,8,71.62
45.00,8,72.81
46.00,8,69.47
47.00,8,71.12
48.00,8,70.29
49.00,8,66.90
50,9,66.43
49,9,65.04
48,9,68.17
47,9,66.12
46,9,66.90
45,9,69.79
44,9,62.21
43,9,64.89
42,9,72.81
41,9,72.81
40,9,74.71
39,9,75.24
38,9,59.63
37,9,72.13
36,9,72.98
35,9,73.15
34,9,80.15
33,9,82.63
32,9,88.00
31,9,87.80
30,9,88.62
29,9,88.00
28,9,87.39
27,9,84.58
26,9,80.34
25,9,64.59
24,9,46.83
23,9,39.26
22,9,29.78
21,9,23.25
20,9,20.03
19,9,17.33
18,9,15.77
17,9,13.49
16,9,13.81
15,9,13.70
14,9,13.20
13,9,12.73
12,9,11.53
11,9,12.33
10,9,12.02
9,9,11.88
8,9,11.46
7,9,11.52
6,9,10.12
5,9,11.32
4,9,11.22
3,9,11.16
2,9,11.19
1,9,9.86
0,9,11.05
-1,9,10.80
-2,9,10.96
-3,9,11.05
-4,9,10.75
-5,9,9.78
-6,9,10.84
-7,9,10.79
-8,9,10.80
-9,9,10.49
-10.00,10,9.70
-9.00,10,10.65
-8.00,10,10.79
-7.00,10,10.79
-6.00,10,10.73
-5.00,10,9.48
-4.00,10,11.04
-3.00,10,11.14
-2.00,10,11.28
-1.00,10,10.33
0.00,10,11.32
1.00,10,11.35
2.00,10,11.46
3.00,10,11.32
4.00,10,10.48
5.00,10,11.65
6.00,10,11.63
7.00,10,11.75
8.00,10,11.38
9.00,10,11.59
10.00,10,12.02
11.00,10,12.24
12.00,10,12.40
13.00,10,11.51
14.00,10,12.91
15.00,10,13.23
16.00,10,13.78
17.00,10,13.79
18.00,10,14.47
19.00,10,14.88
20.00,10,15.86
21.00,10,17.44
22.00,10,16.89
23.00,10,22.78
24.00,10,29.90
25.00,10,35.57
26.00,10,43.33
27.00,10,54.82
28.00,10,66.12
29.00,10,66.28
30.00,10,86.98
31.00,10,84.78
32.00,10,85.57
33.00,10,87.80
34.00,10,88.41
35.00,10,88.62
36.00,10,87.39
37.00,10,81.67
38.00,10,75.42
39.00,10,81.67
40.00,10,68.66
41.00,10,76.66
42.00,10,75.42
43.00,10,76.49
44.00,10,73.49
45.00,10,68.01
46.00,10,70.12
47.00,10,66.59
48.00,10,68.49
49.00,10,65.04
50,11,69.47
49,11,70.78
48,11,68.82
47,11,73.84
46,11,71.12
45,11,73.49
44,11,72.13
43,11,72.81
42,11,75.06
41,11,76.84
40,11,75.06
39,11,64.28
38,11,62.50
37,11,70.29
36,11,61.63
35,11,71.96
34,11,75.77
33,11,87.80
32,11,88.00
31,11,87.39
30,11,85.97
29,11,84.78
28,11,84.98
27,11,72.81
26,11,87.19
25,11,73.67
24,11,56.38
23,11,44.63
22,11,37.40
21,11,31.99
20,11,25.14
19,11,19.56
18,11,18.35
17,11,16.33
16,11,14.78
15,11,13.53
14,11,14.00
13,11,13.73
12,11,13.23
11,11,12.83
10,11,11.46
9,11,12.22
8,11,12.14
7,11,11.76
6,11,11.63
5,11,10.60
4,11,11.26
3,11,11.43
2,11,11.28
1,11,11.23
0,11,11.21
-1,11,10.26
-2,11,11.17
-3,11,11.15
-4,11,10.92
-5,11,11.04
-6,11,9.86
-7,11,10.95
-8,11,10.63
-9,11,10.54
-10.00,12,10.80
-9.00,12,10.81
-8.00,12,10.73
-7.00,12,10.79
-6.00,12,10.86
-5.00,12,10.95
-4.00,12,10.31
-3.00,12,12.12
-2.00,12,12.49
-1.00,12,12.73
0.00,12,11.41
1.00,12,13.21
2.00,12,13.33
3.00,12,13.54
4.00,12,13.75
5.00,12,12.94
6.00,12,14.04
7.00,12,13.93
8.00,12,14.30
9.00,12,13.83
10.00,12,14.40
11.00,12,14.91
12.00,12,15.77
13.00,12,16.48
14.00,12,16.40
15.00,12,19.34
16.00,12,22.21
17.00,12,25.51
18.00,12,25.46
19.00,12,30.26
20.00,12,36.99
21.00,12,42.65
22.00,12,43.14
23.00,12,46.19
24.00,12,51.60
25.00,12,55.72
26.00,12,65.20
27.00,12,77.75
28.00,12,84.98
29.00,12,86.38
30.00,12,85.97
31.00,12,88.00
32.00,12,86.17
33.00,12,87.39
34.00,12,86.98
35.00,12,86.98
36.00,12,88.82
37.00,12,83.60
38.00,12,68.98
39.00,12,73.67
40.00,12,69.79
41.00,12,66.59
42.00,12,72.98
43.00,12,77.39
44.00,12,68.98
45.00,12,67.85
46.00,12,73.15
47.00,12,70.62
48.00,12,64.59
49.00,12,69.14
50,13,64.28
49,13,69.96
48,13,78.12
47,13,68.98
46,13,72.64
45,13,71.62
44,13,71.62
43,13,65.97
42,13,67.69
41,13,71.29
40,13,67.54
39,13,75.06
38,13,68.49
37,13,66.43
36,13,72.81
35,13,70.45
34,13,76.31
33,13,87.39
32,13,88.00
31,13,88.00
30,13,87.59
29,13,87.39
28,13,82.63
27,13,87.59
26,13,88.41
25,13,82.24
24,13,67.69
23,13,62.94
22,13,50.07
21,13,42.85
20,13,38.48
19,13,31.46
18,13,28.90
17,13,22.63
16,13,19.20
15,13,16.48
14,13,14.97
13,13,15.19
12,13,14.87
11,13,14.19
10,13,13.86
9,13,12.88
8,13,12.72
7,13,12.89
6,13,12.51
5,13,12.52
4,13,12.18
3,13,11.44
2,13,12.24
1,13,12.09
0,13,11.78
-1,13,12.04
-2,13,10.84
-3,13,11.66
-4,13,11.38
-5,13,11.50
-6,13,11.40
-7,13,11.11
-8,13,9.94
-9,13,10.83
-10.00,14,10.73
-9.00,14,10.77
-8.00,14,10.33
-7.00,14,10.61
-6.00,14,10.85
-5.00,14,10.92
-4.00,14,11.33
-3.00,14,9.80
-2.00,14,12.40
-1.00,14,12.43
0.00,14,12.80
1.00,14,12.98
2.00,14,12.20
3.00,14,13.37
4.00,14,13.54
5.00,14,13.47
6.00,14,12.84
7.00,14,13.77
8.00,14,13.77
9.00,14,14.17
10.00,14,14.43
11.00,14,13.77
12.00,14,15.29
13.00,14,15.81
14.00,14,17.35
15.00,14,16.71
16.00,14,19.31
17.00,14,22.63
18.00,14,25.00
19.00,14,29.36
20.00,14,33.86
21.00,14,56.11
22.00,14,57.31
23.00,14,66.28
24.00,14,60.48
25.00,14,75.06
26.00,14,79.04
27.00,14,87.80
28.00,14,88.62
29.00,14,85.77
30.00,14,87.39
31.00,14,86.98
32.00,14,88.41
33.00,14,88.21
34.00,14,86.98
35.00,14,88.41
36.00,14,87.80
37.00,14,82.82
38.00,14,73.32
39.00,14,75.06
40.00,14,73.15
41.00,14,64.74
42.00,14,71.29
43.00,14,73.49
44.00,14,72.64
45.00,14,71.12
46.00,14,70.78
47.00,14,65.20
48.00,14,68.33
49.00,14,67.69
50,15,65.50
49,15,64.13
48,15,68.66
47,15,68.49
46,15,74.71
45,15,63.24
44,15,69.63
43,15,74.89
42,15,68.01
41,15,68.82
40,15,72.98
39,15,69.96
38,15,59.50
37,15,64.28
36,15,84.38
35,15,74.71
34,15,83.02
33,15,81.10
32,15,88.00
31,15,85.97
30,15,86.58
29,15,88.41
28,15,87.19
27,15,85.77
26,15,88.21
25,15,85.97
24,15,68.01
23,15,58.94
22,15,59.22
21,15,51.60
20,15,41.80
19,15,36.43
18,15,30.57
17,15,27.51
16,15,20.42
15,15,18.10
14,15,16.79
13,15,15.49
12,15,15.02
11,15,14.75
10,15,14.06
9,15,13.90
8,15,13.38
7,15,12.21
6,15,12.83
5,15,12.72
4,15,12.45
3,15,12.69
2,15,10.61
1,15,12.18
0,15,12.19
-1,15,12.07
-2,15,12.16
-3,15,11.53
-4,15,10.65
-5,15,11.70
-6,15,11.46
-7,15,11.35
-8,15,11.07
-9,15,9.52
-10.00,16,10.87
-9.00,16,10.89
-8.00,16,10.63
-7.00,16,10.71
-6.00,16,10.29
-5.00,16,11.03
-4.00,16,12.00
-3.00,16,13.48
-2.00,16,13.61
-1.00,16,14.82
0.00,16,15.52
1.00,16,16.22
2.00,16,16.85
3.00,16,15.97
4.00,16,17.87
5.00,16,18.70
6.00,16,19.39
7.00,16,18.13
8.00,16,19.70
9.00,16,21.50
10.00,16,23.57
11.00,16,26.18
12.00,16,25.14
13.00,16,33.43
14.00,16,35.73
15.00,16,40.50
16.00,16,40.05
17.00,16,43.83
18.00,16,49.26
19.00,16,49.84
20.00,16,57.04
21.00,16,55.33
22.00,16,74.54
23.00,16,74.89
24.00,16,85.97
25.00,16,86.78
26.00,16,86.78
27.00,16,85.37
28.00,16,87.59
29.00,16,85.18
30.00,16,83.40
31.00,16,87.80
32.00,16,87.80
33.00,16,87.59
34.00,16,87.59
35.00,16,87.19
36.00,16,86.98
37.00,16,76.13
38.00,16,77.93
39.00,16,74.01
40.00,16,73.67
41.00,16,62.06
42.00,16,69.30
43.00,16,61.34
44.00,16,69.14
45.00,16,66.43
46.00,16,64.89
47.00,16,67.22
48.00,16,66.59
49.00,16,70.95
50,17,71.45
49,17,70.95
48,17,71.96
47,17,69.96
46,17,69.79
45,17,71.29
44,17,68.66
43,17,69.47
42,17,69.79
41,17,71.12
40,17,64.44
39,17,70.62
38,17,65.81
37,17,74.01
36,17,75.24
35,17,75.42
34,17,79.59
33,17,88.41
32,17,87.80
31,17,88.00
30,17,88.62
29,17,88.00
28,17,86.38
27,17,84.38
26,17,87.80
25,17,88.00
24,17,87.19
23,17,84.58
22,17,65.66
21,17,66.75
20,17,54.56
19,17,51.60
18,17,48.03
17,17,39.26
16,17,34.96
15,17,32.32
14,17,39.35
13,17,37.07
12,17,35.11
11,17,29.42
10,17,28.90
9,17,26.78
8,17,21.40
7,17,19.01
6,17,16.98
5,17,17.16
4,17,16.54
3,17,17.04
2,17,16.31
1,17,14.99
0,17,15.45
-1,17,15.24
-2,17,15.05
-3,17,14.56
-4,17,13.77
-5,17,13.86
-6,17,13.48
-7,17,12.62
-8,17,11.56
-9,17,10.87
-10.00,18,9.77
-9.00,18,10.73
-8.00,18,10.95
-7.00,18,10.92
-6.00,18,10.31
-5.00,18,10.83
-4.00,18,11.54
-3.00,18,15.24
-2.00,18,19.09
-1.00,18,19.28
0.00,18,24.03
1.00,18,26.63
2.00,18,29.60
3.00,18,32.32
4.00,18,30.32
5.00,18,32.87
6.00,18,36.43
7.00,18,36.67
8.00,18,31.14
9.00,18,38.48
10.00,18,41.24
11.00,18,45.25
12.00,18,45.25
13.00,18,44.13
14.00,18,55.98
15.00,18,54.06
16.00,18,61.34
17.00,18,59.50
18.00,18,70.95
19.00,18,76.66
20.00,18,77.39
21.00,18,80.72
22.00,18,87.80
23.00,18,87.59
24.00,18,87.39
25.00,18,87.39
26.00,18,86.78
27.00,18,88.00
28.00,18,86.98
29.00,18,88.21
30.00,18,88.21
31.00,18,87.59
32.00,18,88.41
33.00,18,88.00
34.00,18,88.21
35.00,18,86.78
36.00,18,84.78
37.00,18,84.78
38.00,18,72.13
39.00,18,65.66
40.00,18,70.29
41.00,18,63.98
42.00,18,72.64
43.00,18,62.65
44.00,18,77.39
45.00,18,78.85
46.00,18,68.66
47.00,18,70.62
48.00,18,64.44
49.00,18,66.12
50,19,64.59
49,19,69.30
48,19,75.06
47,19,74.71
46,19,72.81
45,19,72.81
44,19,66.28
43,19,74.71
42,19,69.79
41,19,69.47
40,19,70.62
39,19,72.13
38,19,71.96
37,19,73.32
36,19,67.54
35,19,86.38
34,19,76.84
33,19,87.39
32,19,88.41
31,19,86.38
30,19,86.98
29,19,88.00
28,19,88.21
27,19,88.62
26,19,87.19
25,19,84.78
24,19,87.80
23,19,88.00
22,19,87.59
21,19,87.39
20,19,87.39
19,19,87.19
18,19,84.58
17,19,80.53
16,19,70.12
15,19,64.89
14,19,63.53
13,19,58.25
12,19,55.85
11,19,51.48
10,19,39.26
9,19,44.74
8,19,42.94
7,19,40.41
6,19,37.81
5,19,33.01
4,19,34.66
3,19,34.44
2,19,32.87
1,19,30.14
0,19,26.78
-1,19,27.35
-2,19,24.95
-3,19,23.09
-4,19,19.88
-5,19,17.53
-6,19,15.52
-7,19,13.64
-8,19,11.39
-9,19,11.01
-10.00,20,9.65
-9.00,20,9.67
-8.00,20,10.55
-7.00,20,10.87
-6.00,20,10.84
-5.00,20,9.95
-4.00,20,11.19
-3.00,20,14.82
-2.00,20,28.11
-1.00,20,33.79
0.00,20,38.48
1.00,20,40.14
2.00,20,38.91
3.00,20,41.51
4.00,20,40.23
5.00,20,45.25
6.00,20,57.58
7.00,20,58.25
8.00,20,62.35
9.00,20,67.22
10.00,20,79.59
11.00,20,86.38
12.00,20,86.98
13.00,20,86.58
14.00,20,87.19
15.00,20,86.98
16.00,20,85.77
17.00,20,88.62
18.00,20,87.59
19.00,20,88.21
20.00,20,85.37
21.00,20,87.39
22.00,20,87.59
23.00,20,88.62
24.00,20,88.00
25.00,20,88.21
26.00,20,87.39
27.00,20,86.58
28.00,20,87.80
29.00,20,85.37
30.00,20,88.21
31.00,20,88.21
32.00,20,87.19
33.00,20,88.41
34.00,20,88.00
35.00,20,88.21
36.00,20,87.19
37.00,20,86.38
38.00,20,74.19
39.00,20,72.98
40.00,20,71.79
41.00,20,70.78
42.00,20,71.96
43.00,20,73.32
44.00,20,70.62
45.00,20,70.45
46.00,20,74.89
47.00,20,64.74
48.00,20,66.43
49.00,20,66.28
50,21,70.62
49,21,73.67
48,21,75.77
47,21,68.66
46,21,68.82
45,21,72.47
44,21,66.43
43,21,66.43
42,21,68.33
41,21,66.90
40,21,69.47
39,21,66.75
38,21,71.62
37,21,70.29
36,21,77.02
35,21,78.12
34,21,70.78
33,21,86.17
32,21,85.37
31,21,86.98
30,21,88.00
29,21,88.62
28,21,88.21
27,21,87.19
26,21,84.78
25,21,87.19
24,21,87.39
23,21,86.78
22,21,86.98
21,21,85.37
20,21,88.82
19,21,86.58
18,21,88.41
17,21,88.62
16,21,88.21
15,21,87.39
14,21,85.37
13,21,88.00
12,21,87.19
11,21,88.62
10,21,87.80
9,21,88.00
8,21,87.80
7,21,86.38
6,21,86.78
5,21,83.21
4,21,83.02
3,21,73.15
2,21,55.33
1,21,45.35
0,21,41.51
-1,21,41.98
-2,21,40.96
-3,21,44.03
-4,21,41.05
-5,21,35.88
-6,21,21.54
-7,21,13.37
-8,21,11.27
-9,21,11.02
-10.00,22,11.07
-9.00,22,10.91
-8.00,22,9.99
-7.00,22,10.83
-6.00,22,11.10
-5.00,22,11.07
-4.00,22,11.53
-3.00,22,15.44
-2.00,22,43.93
-1.00,22,50.18
0.00,22,51.72
1.00,22,48.36
2.00,22,50.07
3.00,22,35.96
4.00,22,47.05
5.00,22,50.30
6.00,22,86.17
7.00,22,87.59
8.00,22,88.00
9.00,22,86.78
10.00,22,88.41
11.00,22,87.59
12.00,22,87.19
13.00,22,87.19
14.00,22,88.00
15.00,22,86.58
16.00,22,85.37
17.00,22,85.37
18.00,22,88.41
19.00,22,88.21
20.00,22,87.19
21.00,22,86.58
22.00,22,87.59
23.00,22,86.58
24.00,22,85.97
25.00,22,87.59
26.00,22,88.41
27.00,22,88.00
28.00,22,88.00
29.00,22,87.80
30.00,22,87.19
31.00,22,87.19
32.00,22,86.58
33.00,22,87.19
34.00,22,86.98
35.00,22,88.62
36.00,22,87.59
37.00,22,77.21
38.00,22,79.22
39.00,22,79.04
40.00,22,74.36
41.00,22,71.96
42.00,22,67.22
43.00,22,64.13
44.00,22,66.43
45.00,22,69.63
46.00,22,67.06
47.00,22,72.64
48.00,22,75.06
49.00,22,66.43
50,23,64.74
49,23,65.35
48,23,70.95
47,23,70.62
46,23,68.82
45,23,66.59
44,23,70.78
43,23,62.21
42,23,79.59
41,23,70.95
40,23,75.42
39,23,68.33
38,23,75.59
37,23,75.59
36,23,74.89
35,23,74.19
34,23,77.02
33,23,88.00
32,23,87.19
31,23,87.19
30,23,87.39
29,23,87.59
28,23,86.78
27,23,87.39
26,23,86.98
25,23,88.00
24,23,87.80
23,23,85.37
22,23,86.17
21,23,88.00
20,23,88.62
19,23,89.03
18,23,87.39
17,23,87.59
16,23,88.21
15,23,87.19
14,23,87.39
13,23,86.38
12,23,87.39
11,23,87.59
10,23,86.58
9,23,86.98
8,23,88.41
7,23,86.98
6,23,85.77
5,23,87.80
4,23,87.59
3,23,80.15
2,23,49.61
1,23,47.15
0,23,46.62
-1,23,49.61
-2,23,49.26
-3,23,45.98
-4,23,51.72
-5,23,47.26
-6,23,36.27
-7,23,13.13
-8,23,10.45
-9,23,10.98
-10.00,24,11.02
-9.00,24,11.08
-8.00,24,10.98
-7.00,24,10.07
-6.00,24,11.07
-5.00,24,10.99
-4.00,24,11.11
-3.00,24,14.44
-2.00,24,29.36
-1.00,24,61.05
0.00,24,65.81
1.00,24,65.81
2.00,24,61.63
3.00,24,61.34
4.00,24,61.77
5.00,24,63.09
6.00,24,86.98
7.00,24,85.57
8.00,24,87.39
9.00,24,88.00
10.00,24,86.17
11.00,24,88.21
12.00,24,87.59
13.00,24,86.98
14.00,24,88.62
15.00,24,88.00
16.00,24,87.80
17.00,24,87.59
18.00,24,87.39
19.00,24,88.00
20.00,24,87.80
21.00,24,83.99
22.00,24,87.80
23.00,24,85.77
24.00,24,88.21
25.00,24,87.80
26.00,24,84.98
27.00,24,86.17
28.00,24,86.98
29.00,24,88.21
30.00,24,87.39
31.00,24,86.78
32.00,24,88.21
33.00,24,88.41
34.00,24,86.78
35.00,24,87.59
36.00,24,86.98
37.00,24,77.21
38.00,24,79.22
39.00,24,75.06
40.00,24,75.06
41.00,24,69.47
42.00,24,74.89
43.00,24,72.13
44.00,24,70.62
45.00,24,69.79
46.00,24,64.28
47.00,24,65.04
48.00,24,70.95
49.00,24,68.98
50,25,65.35
49,25,69.30
48,25,66.43
47,25,69.14
46,25,72.81
45,25,64.74
44,25,68.82
43,25,63.53
42,25,62.21
41,25,66.28
40,25,66.59
39,25,65.35
38,25,68.17
37,25,72.30
36,25,77.39
35,25,82.44
34,25,81.29
33,25,87.59
32,25,82.24
31,25,86.78
30,25,86.98
29,25,85.77
28,25,88.41
27,25,88.62
26,25,88.21
25,25,87.39
24,25,85.57
23,25,88.00
22,25,86.98
21,25,87.80
20,25,87.59
19,25,87.39
18,25,87.59
17,25,87.80
16,25,86.58
15,25,87.39
14,25,88.00
13,25,87.19
12,25,87.59
11,25,87.80
10,25,88.00
9,25,85.37
8,25,88.21
7,25,85.57
6,25,87.80
5,25,88.21
4,25,87.19
3,25,86.17
2,25,88.62
1,25,88.62
0,25,86.98
-1,25,88.41
-2,25,87.59
-3,25,87.80
-4,25,59.63
-5,25,29.07
-6,25,18.75
-7,25,11.50
-8,25,11.19
-9,25,10.97
-10.00,26,10.09
-9.00,26,11.19
-8.00,26,11.15
-7.00,26,11.04
-6.00,26,11.20
-5.00,26,10.02
-4.00,26,11.23
-3.00,26,12.58
-2.00,26,23.57
-1.00,26,48.48
0.00,26,84.19
1.00,26,88.41
2.00,26,87.19
3.00,26,87.39
4.00,26,88.00
5.00,26,88.00
6.00,26,86.98
7.00,26,88.21
8.00,26,88.41
9.00,26,87.39
10.00,26,88.21
11.00,26,88.00
12.00,26,87.19
13.00,26,87.59
14.00,26,88.41
15.00,26,88.00
16.00,26,88.00
17.00,26,88.21
18.00,26,85.37
19.00,26,88.41
20.00,26,88.21
21.00,26,88.21
22.00,26,83.99
23.00,26,88.00
24.00,26,88.41
25.00,26,88.41
26.00,26,87.80
27.00,26,87.39
28.00,26,84.98
29.00,26,85.77
30.00,26,85.18
31.00,26,88.00
32.00,26,88.00
33.00,26,88.21
34.00,26,85.37
35.00,26,87.80
36.00,26,87.59
37.00,26,85.18
38.00,26,72.64
39.00,26,80.15
40.00,26,68.33
41.00,26,73.84
42.00,26,75.06
43.00,26,68.66
44.00,26,69.14
45.00,26,68.82
46.00,26,71.79
47.00,26,68.66
48.00,26,72.98
49.00,26,70.78
50,27,64.89
49,27,69.14
48,27,71.79
47,27,69.30
46,27,65.81
45,27,66.43
44,27,67.22
43,27,67.22
42,27,66.59
41,27,65.04
40,27,76.84
39,27,69.96
38,27,73.15
37,27,70.29
36,27,74.54
35,27,87.19
34,27,85.57
33,27,83.80
32,27,88.00
31,27,88.00
30,27,87.39
29,27,87.39
28,27,86.58
27,27,86.98
26,27,88.82
25,27,88.00
24,27,88.41
23,27,88.00
22,27,87.59
21,27,88.41
20,27,87.80
19,27,87.19
18,27,87.39
17,27,88.00
16,27,86.98
15,27,87.59
14,27,85.37
13,27,88.00
12,27,88.62
11,27,88.21
10,27,88.21
9,27,85.77
8,27,88.00
7,27,88.00
6,27,88.00
5,27,87.19
4,27,86.78
3,27,86.98
2,27,87.59
1,27,88.21
0,27,88.00
-1,27,89.03
-2,27,86.98
-3,27,88.41
-4,27,59.50
-5,27,27.73
-6,27,13.85
-7,27,10.95
-8,27,11.33
-9,27,11.19
-10.00,28,11.14
-9.00,28,11.33
-8.00,28,10.23
-7.00,28,11.34
-6.00,28,11.09
-5.00,28,11.32
-4.00,28,10.75
-3.00,28,11.87
-2.00,28,20.42
-1.00,28,39.35
0.00,28,88.00
1.00,28,87.80
2.00,28,86.98
3.00,28,85.37
4.00,28,84.78
5.00,28,87.59
6.00,28,87.80
7.00,28,85.37
8.00,28,88.21
9.00,28,86.98
10.00,28,88.21
11.00,28,86.98
12.00,28,88.00
13.00,28,88.00
14.00,28,87.80
15.00,28,87.59
16.00,28,87.80
17.00,28,87.19
18.00,28,88.00
19.00,28,85.57
20.00,28,88.41
21.00,28,88.41
22.00,28,88.62
23.00,28,87.59
24.00,28,86.98
25.00,28,88.41
26.00,28,88.62
27.00,28,87.59
28.00,28,88.00
29.00,28,87.19
30.00,28,86.58
31.00,28,87.19
32.00,28,86.98
33.00,28,87.59
34.00,28,88.41
35.00,28,87.19
36.00,28,87.80
37.00,28,71.79
38.00,28,79.97
39.00,28,79.41
40.00,28,69.47
41.00,28,72.30
42.00,28,75.95
43.00,28,70.95
44.00,28,73.49
45.00,28,74.89
46.00,28,67.38
47.00,28,65.81
48.00,28,67.38
49.00,28,62.65
50,29,65.81
49,29,55.46
48,29,70.95
47,29,74.19
46,29,70.12
45,29,69.30
44,29,65.97
43,29,70.45
42,29,73.32
41,29,76.66
40,29,81.48
39,29,69.30
38,29,70.29
37,29,79.04
36,29,83.60
35,29,78.30
34,29,85.57
33,29,84.78
32,29,88.00
31,29,87.19
30,29,87.80
29,29,88.41
28,29,87.80
27,29,88.41
26,29,88.21
25,29,87.19
24,29,88.00
23,29,87.59
22,29,87.19
21,29,87.39
20,29,86.98
19,29,87.80
18,29,87.80
17,29,88.00
16,29,87.59
15,29,88.00
14,29,87.59
13,29,87.19
12,29,87.80
11,29,87.39
10,29,88.00
9,29,87.19
8,29,87.39
7,29,87.19
6,29,88.00
5,29,87.19
4,29,88.00
3,29,88.62
2,29,88.21
1,29,87.19
0,29,87.19
-1,29,88.00
-2,29,88.41
-3,29,88.00
-4,29,57.31
-5,29,28.84
-6,29,16.71
-7,29,12.10
-8,29,10.38
-9,29,11.07