-10.00,-30,7.23
-7.00,-30,8.50
-4.00,-30,9.99
-1.00,-30,10.18
2.00,-30,9.37
5.00,-30,10.13
8.00,-30,10.10
11.00,-30,9.89
14.00,-30,8.78
17.00,-30,9.70
20.00,-30,10.10
23.00,-30,10.60
26.00,-30,10.85
29.00,-30,9.78
32.00,-30,11.11
35.00,-30,11.14
38.00,-30,11.72
41.00,-30,11.73
44.00,-30,61.19
47.00,-30,64.59
50,-27,63.24
47,-27,68.82
44,-27,63.09
41,-27,64.59
38,-27,72.30
35,-27,67.54
32,-27,53.06
29,-27,10.68
26,-27,10.85
23,-27,11.07
20,-27,10.83
17,-27,10.52
14,-27,9.42
11,-27,8.78
8,-27,10.11
5,-27,10.13
2,-27,10.21
-1,-27,9.84
-4,-27,8.97
-7,-27,9.89
-10.00,-24,10.63
-7.00,-24,10.48
-4.00,-24,10.12
-1.00,-24,9.25
2.00,-24,9.73
5.00,-24,9.55
8.00,-24,9.80
11.00,-24,7.56
14.00,-24,8.66
17.00,-24,9.99
20.00,-24,9.78
23.00,-24,10.00
26.00,-24,8.89
29.00,-24,10.12
32.00,-24,10.66
35.00,-24,10.66
38.00,-24,9.62
41.00,-24,20.55
44.00,-24,56.11
47.00,-24,74.89
50,-21,60.06
47,-21,65.50
44,-21,65.81
41,-21,68.49
38,-21,62.06
35,-21,52.94
32,-21,14.12
29,-21,9.49
26,-21,10.50
23,-21,10.39
20,-21,10.12
17,-21,8.85
14,-21,9.59
11,-21,9.54
8,-21,9.67
5,-21,9.48
2,-21,8.26
-1,-21,8.48
-4,-21,10.62
-7,-21,9.48
-10.00,-18,10.01
-7.00,-18,9.09
-4.00,-18,8.75
-1.00,-18,9.49
2.00,-18,9.20
5.00,-18,8.94
8.00,-18,8.39
11.00,-18,9.34
14.00,-18,9.40
17.00,-18,9.10
20.00,-18,9.03
23.00,-18,9.12
26.00,-18,9.67
29.00,-18,9.78
32.00,-18,10.06
35.00,-18,7.68
38.00,-18,10.16
41.00,-18,12.30
44.00,-18,60.91
47.00,-18,59.36
50,-15,60.62
47,-15,66.28
44,-15,62.94
41,-15,65.35
38,-15,56.51
35,-15,67.38
32,-15,11.84
29,-15,9.91
26,-15,10.17
23,-15,9.75
20,-15,7.43
17,-15,9.93
14,-15,9.93
11,-15,9.44
8,-15,9.94
5,-15,7.88
2,-15,7.75
-1,-15,8.78
-4,-15,9.05
-7,-15,8.79
-10.00,-12,7.83
-7.00,-12,8.65
-4.00,-12,9.24
-1.00,-12,8.87
2.00,-12,8.74
5.00,-12,7.62
8.00,-12,8.25
11.00,-12,8.88
14.00,-12,8.79
17.00,-12,8.78
20.00,-12,7.98
23.00,-12,9.30
26.00,-12,10.01
29.00,-12,9.30
32.00,-12,8.18
35.00,-12,8.84
38.00,-12,10.01
41.00,-12,11.03
44.00,-12,54.31
47.00,-12,68.01
50,-9,60.48
47,-9,63.68
44,-9,66.43
41,-9,58.25
38,-9,61.63
35,-9,54.44
32,-9,11.32
29,-9,9.99
26,-9,9.65
23,-9,7.36
20,-9,8.26
17,-9,9.00
14,-9,8.80
11,-9,9.00
8,-9,8.30
5,-9,7.67
2,-9,7.65
-1,-9,8.43
-4,-9,8.41
-7,-9,8.77
-10.00,-6,7.69
-7.00,-6,8.95
-4.00,-6,8.94
-1.00,-6,8.77
2.00,-6,8.70
5.00,-6,7.03
8.00,-6,8.66
11.00,-6,8.83
14.00,-6,7.58
17.00,-6,7.91
20.00,-6,8.87
23.00,-6,8.43
26.00,-6,9.28
29.00,-6,9.64
32.00,-6,6.43
35.00,-6,9.34
38.00,-6,9.85
41.00,-6,10.50
44.00,-6,45.98
47.00,-6,59.91
50,-3,52.94
47,-3,60.62
44,-3,64.59
41,-3,64.74
38,-3,66.75
35,-3,55.08
32,-3,11.28
29,-3,10.27
26,-3,9.78
23,-3,7.63
20,-3,8.89
17,-3,9.42
14,-3,9.37
11,-3,9.14
8,-3,7.85
5,-3,8.72
2,-3,7.78
-1,-3,9.27
-4,-3,9.13
-7,-3,8.64
-10.00,0,7.41
-7.00,0,9.83
-4.00,0,9.99
-1.00,0,10.00
2.00,0,9.97
5.00,0,8.31
8.00,0,9.38
11.00,0,9.72
14.00,0,9.19
17.00,0,7.65
20.00,0,7.63
23.00,0,9.04
26.00,0,9.34
29.00,0,8.89
32.00,0,9.13
35.00,0,9.47
38.00,0,10.74
41.00,0,11.41
44.00,0,55.20
47.00,0,67.69
50,3,61.19
47,3,57.44
44,3,62.65
41,3,68.98
38,3,66.12
35,3,62.06
32,3,13.58
29,3,10.93
26,3,10.42
23,3,7.47
20,3,8.53
17,3,9.55
14,3,9.75
11,3,8.60
8,3,8.24
5,3,8.31
2,3,8.93
-1,3,9.81
-4,3,9.64
-7,3,9.99
-10.00,6,8.65
-7.00,6,10.16
-4.00,6,10.18
-1.00,6,10.04
2.00,6,10.11
5.00,6,8.88
8.00,6,10.09
11.00,6,9.91
14.00,6,10.02
17.00,6,9.09
20.00,6,9.44
23.00,6,9.80
26.00,6,10.17
29.00,6,10.15
32.00,6,9.12
35.00,6,10.69
38.00,6,11.04
41.00,6,11.59
44.00,6,60.34
47.00,6,66.12
50,9,64.59
47,9,62.94
44,9,57.85
41,9,70.62
38,9,66.28
35,9,64.28
32,9,13.11
29,9,11.19
26,9,10.72
23,9,8.01
20,9,8.85
17,9,10.26
14,9,10.06
11,9,9.91
8,9,9.18
5,9,8.92
2,9,9.96
-1,9,10.02
-4,9,10.04
-7,9,10.32
-10.00,12,9.20
-7.00,12,10.04
-4.00,12,10.35
-1.00,12,9.70
2.00,12,9.75
5.00,12,8.77
8.00,12,10.12
11.00,12,10.15
14.00,12,10.10
17.00,12,9.03
20.00,12,10.10
23.00,12,10.18
26.00,12,10.20
29.00,12,10.26
32.00,12,9.32
35.00,12,10.89
38.00,12,10.98
41.00,12,11.82
44.00,12,45.15
47.00,12,64.13
50,15,55.98
47,15,63.39
44,15,64.74
41,15,65.66
38,15,67.22
35,15,64.74
32,15,15.64
29,15,11.48
26,15,10.04
23,15,9.53
20,15,10.57
17,15,10.34
14,15,10.18
11,15,9.32
8,15,8.72
5,15,9.13
2,15,10.22
-1,15,10.26
-4,15,10.10
-7,15,8.48
-10.00,18,8.70
-7.00,18,10.39
-4.00,18,10.26
-1.00,18,9.93
2.00,18,8.79
5.00,18,9.99
8.00,18,10.06
11.00,18,10.27
14.00,18,8.88
17.00,18,9.83
20.00,18,9.63
23.00,18,9.63
26.00,18,9.84
29.00,18,9.43
32.00,18,10.77
35.00,18,10.84
38.00,18,11.27
41.00,18,13.21
44.00,18,54.18
47.00,18,68.82
50,21,61.05
47,21,59.91
44,21,62.06
41,21,59.50
38,21,62.79
35,21,62.06
32,21,16.27
29,21,10.45
26,21,11.08
23,21,10.69
20,21,10.68
17,21,10.02
14,21,9.13
11,21,8.99
8,21,8.77
5,21,9.88
2,21,10.31
-1,21,10.39
-4,21,8.00
-7,21,9.60
-10.00,24,10.21
-7.00,24,10.51
-4.00,24,10.59
-1.00,24,9.10
2.00,24,9.80
5.00,24,10.31
8.00,24,10.38
11.00,24,8.98
14.00,24,9.75
17.00,24,9.94
20.00,24,10.51
23.00,24,10.66
26.00,24,9.13
29.00,24,10.38
32.00,24,10.85
35.00,24,11.11
38.00,24,10.27
41.00,24,16.40
44.00,24,63.53
47.00,24,66.90
50,27,63.83
47,27,57.98
44,27,65.81
41,27,63.39
38,27,64.74
35,27,61.77
32,27,24.60
29,27,10.96
26,27,11.32
23,27,11.07
20,27,10.55
17,27,9.19
14,27,9.30
11,27,10.24
8,27,10.37
5,27,9.84
2,27,9.62
-1,27,8.18
-4,27,8.98
-7,27,9.94
